 0.089000            0.199949      83     6  
 0.129000            0.302477      83     7 
 0.187000            0.422974      83     8 
 0.271000            0.532122      83     9 
 0.385000            0.611830      83     10
 0.558000            0.670641      83     11
 0.810000            0.711644      83     12
 1.174000            0.743768      83     13
 1.703000            0.773589      83     14
 2.469000            0.803102      83     15
 3.580000            0.834917      83     16
 5.192000            0.867086      83     17
 7.528000            0.900934      83     18
 10.91600            0.938616      83     19
 15.82800            0.972178      83     20
 22.95700            0.988074      83     21
 33.27900            0.991830      83     22
 48.25500            0.992865      83     23
 69.97000            0.992563      83     24
 101.4570            0.993630      83     25
 147.1120            0.994091      83     26
 213.3120            0.994423      83     27
 0.014000            0.020375      170    1 
 0.021000            0.021788      170    2 
 0.030000            0.024170      170    3 
 0.042000            0.030417      170    4 
 0.061000            0.043631      170    5 
 0.089000            0.071135      170    6 
 0.129000            0.119619      170    7 
 0.187000            0.197504      170    8 
 0.271000            0.293423      170    9 
 0.385000            0.385569      170    10
 0.558000            0.466939      170    11
 0.810000            0.526154      170    12
 1.703000            0.604438      170    14          
 2.469000            0.638679      170    15      
 3.580000            0.678854      170    16      
 5.192000            0.725023      170    17      
 7.528000            0.794958      170    18      
 10.91600            0.850533      170    19      
 15.82800            0.928381      170    20      
 22.95700            0.974079      170    21      
 33.27900            0.988133      170    22      
 48.25500            0.990889      170    23      
 69.97000            0.991420      170    24      
 101.4570            0.991227      170    25      
 147.1120            0.990455      170    26      
 213.3120            0.991942      170    27      
 0.014000            0.006635      330    1       
 0.021000            0.006821      330    2       
 0.030000            0.007206      330    3       
 0.061000            0.012562      330    5               
 0.089000            0.020819      330    6       
 0.129000            0.036603      330    7       
 0.187000            0.066415      330    8       
 0.271000            0.118778      330    9       
 0.385000            0.187421      330    10      
 0.558000            0.270077      330    11      
 0.810000            0.346757      330    12      
 1.174000            0.406577      330    13      
 1.703000            0.452584      330    14      
 2.469000            0.491264      330    15      
 3.580000            0.531644      330    16      
 5.192000            0.582364      330    17      
 7.528000            0.649366      330    18      
 10.91600            0.738006      330    19      
 15.82800            0.849884      330    20      
 22.95700            0.944219      330    21      
 33.27900            0.984516      330    22      
 48.25500            0.991938      330    23      
 69.97000            0.993033      330    24      
 101.4570            0.992707      330    25      
 147.1120            0.992721      330    26      
 213.3120            0.991915      330    27      
 0.014000            0.002282      670    1       
 0.021000            0.002303      670    2       
 0.030000            0.002344      670    3       
 0.042000            0.002764      670    4       
 0.061000            0.003611      670    5       
 0.089000            0.005611      670    6       
 0.129000            0.009806      670    7       
 0.187000            0.019057      670    8       
 0.271000            0.037237      670    9       
 0.385000            0.067278      670    10      
 0.558000            0.118049      670    11      
 0.810000            0.186060      670    12      
 1.174000            0.257845      670    13      
 1.703000            0.322463      670    14      
 2.469000            0.376138      670    15      
 3.580000            0.427033      670    16      
 5.192000            0.484496      670    17      
 7.528000            0.559178      670    18      
 10.91600            0.655556      670    19      
 15.82800            0.776607      670    20      
 22.95700            0.900666      670    21      
 33.27900            0.971222      670    22      
 48.25500            0.990701      670    23      
 69.97000            0.992330      670    24      
 101.4570            0.991799      670    25      
 147.1120            0.991583      670    26      
 213.3120            0.991938      670    27      
 0.014000            0.000853      1340   1       
 0.021000            0.000881      1340   2       
 0.030000            0.000951      1340   3       
 0.042000            0.000954      1340   4       
 0.061000            0.001250      1340   5       
 0.089000            0.001603      1340   6       
 0.129000            0.002961      1340   7       
 0.187000            0.005402      1340   8       
 0.271000            0.010216      1340   9       
 0.385000            0.020190      1340   10      
 0.558000            0.039348      1340   11      
 0.810000            0.073367      1340   12      
 1.174000            0.124734      1340   13      
 1.703000            0.189521      1340   14      
 2.469000            0.257367      1340   15      
 3.580000            0.323933      1340   16      
 5.192000            0.393120      1340   17      
 7.528000            0.479641      1340   18      
 10.91600            0.590338      1340   19      
 15.82800            0.718991      1340   20      
 22.95700            0.855374      1340   21      
 33.27900            0.948066      1340   22      
 48.25500            0.985128      1340   23      
 69.97000            0.991217      1340   24      
 101.4570            0.992391      1340   25      
 147.1120            0.992081      1340   26      
 213.3120            0.991983      1340   27      
 0.014000            0.000370      2670   1       
 0.021000            0.000275      2670   2       
 0.030000            0.000403      2670   3       
 0.042000            0.000470      2670   4       
 0.061000            0.000506      2670   5       
 0.089000            0.000618      2670   6       
 0.129000            0.000847      2670   7       
 0.187000            0.001666      2670   8       
 0.271000           0.002860       2670   9       
 0.385000           0.005811       2670   10      
 0.558000           0.011532       2670   11      
 0.810000           0.023586       2670   12      
 1.174000           0.045981       2670   13      
 1.703000           0.084844       2670   14      
 2.469000           0.142171       2670   15      
 3.580000           0.212576       2670   16      
 5.192000           0.289696       2670   17      
 7.528000           0.380768       2670   18      
 10.91600           0.501815       2670   19      
 15.82800           0.643802       2670   20      
 22.95700           0.790105       2670   21      
 33.27900           0.907683       2670   22      
 48.25500           0.968935       2670   23      
 69.97000           0.985805       2670   24      
 101.4570           0.988822       2670   25      
 147.1120           0.992332       2670   26      
 213.3120           0.992107       2670   27      
 0.014000           0.000332       5340   1       
 0.021000           0.000339       5340   2       
 0.030000           0.000230       5340   3       
 0.042000           0.000346       5340   4       
 0.061000           0.000330       5340   5       
 0.089000           0.000437       5340   6       
 0.129000           0.000491       5340   7       
 0.187000           0.000592       5340   8       
 0.271000           0.001002       5340   9       
 0.385000           0.001754       5340   10      
 0.558000           0.003646       5340   11      
 0.810000           0.007293       5340   12      
 1.174000           0.015207       5340   13      
 1.703000           0.030770       5340   14      
 2.469000           0.060428       5340   15      
 5.192000           0.182676       5340   17      
 7.528000           0.267649       5340   18      
 10.91600           0.379040       5340   19      
 15.82800           0.516572       5340   20      
 22.95700           0.671958       5340   21      
 33.27900           0.819934       5340   22      
 48.25500           0.919198       5340   23      
 69.97000           0.966161       5340   24      
 101.4570           0.982870       5340   25      
 147.1120           0.989015       5340   26      
 213.3120           0.993591       5340   27      
